cluster high,cluster low,cluster mean,cluster label,cluster stream,window high,window low,window mean,window label,window stream,is the cluster and the window deviated,is the cluster and the window matched,cluster labels that are merged together into a cluster,new clusters (labels)
"[0.95893646 0.87365252 0.93735858 0.94142486 0.97121455 0.67460649
 0.50875946 0.66865466]","[0.01740511 0.34459101 0.23132237 0.57999688 0.21870063 0.15767321
 0.09052901 0.10044778]","[0.48817079 0.60912176 0.58434047 0.76071087 0.59495759 0.41613985
 0.29964424 0.38455122]",1,6,"[0.3724692  0.54786005 0.94714635 0.51565422 0.61156253 0.82439492
 0.21838986 0.1686345 ]","[0.36568403 0.54052425 0.93889146 0.50957361 0.60355651 0.81692935
 0.20979846 0.16140262]","[0.36907661 0.54419215 0.9430189  0.51261392 0.60755952 0.82066214
 0.21409416 0.16501856]",6,3,False,False,[],[]
