cluster high,cluster low,cluster mean,cluster label,cluster stream,window high,window low,window mean,window label,window stream,is the cluster and the window deviated,is the cluster and the window matched,cluster labels that are merged together into a cluster,new clusters (labels)
"[0.75385056 0.67680261 0.85272568 0.74800126 0.93693699 0.97201696
 0.9356973  0.98100999]","[0.21817627 0.41968801 0.18458594 0.14943978 0.05298192 0.05778818
 0.21326752 0.22506885]","[0.48601341 0.54824531 0.51865581 0.44872052 0.49495946 0.51490257
 0.57448241 0.60303942]",2,13,"[0.45903928 0.57212602 0.03093594 0.28291351 0.36522817 0.84516348
 0.21789552 0.75099407]","[0.44069876 0.54580447 0.00674677 0.26472405 0.34065615 0.8278837
 0.19058324 0.7193573 ]","[0.44986902 0.55896525 0.01884136 0.27381878 0.35294216 0.83652359
 0.20423938 0.73517568]",2,7,False,False,[],[]
