cluster high,cluster low,cluster mean,cluster label,cluster stream,window high,window low,window mean,window label,window stream,is the cluster and the window deviated,is the cluster and the window matched,cluster labels that are merged together into a cluster,new clusters (labels),index
"[0.99363651 0.6409042  0.79775317 0.84476681 0.85227074 0.95345824
 0.68751803 0.86132896]","[0.16273904 0.35814183 0.11380959 0.04908056 0.37065194 0.28250397
 0.42906611 0.15605097]","[0.57818777 0.49952302 0.45578138 0.44692368 0.61146134 0.61798111
 0.55829207 0.50868996]",8,5,"[0.64024333 0.43613797 0.239483   0.8515838  0.41314497 0.95880287
 0.67938706 0.17619014]","[0.15554626 0.34560033 0.09918688 0.20704655 0.36847094 0.59368243
 0.43184634 0.14202687]","[0.39789479 0.39086915 0.16933494 0.52931517 0.39080796 0.77624265
 0.5556167  0.1591085 ]",8,1,False,False,[],[],24
