closed cluster high,closed cluster low,closed cluster mean,closed cluster label,closed cluster stream,cluster high,cluster low,cluster mean,cluster label,cluster stream,window high,window low,window mean,window label,window stream,is the cluster and the window deviated,is the cluster and the window matched,cluster labels that are merged together into a cluster,new clusters (labels),index
"[0.99363651 0.74358719 0.79775317 0.84476681 0.91362306 1.01071492
 1.00041882 0.92595894]","[0.16273904 0.35814183 0.11380959 0.04908056 0.37065194 0.28250397
 0.42906611 0.02477931]","[0.57818777 0.55086451 0.45578138 0.44692368 0.6421375  0.64660944
 0.71474246 0.47536912]",5,8,"[0.99363651 0.6409042  0.79775317 0.84476681 0.85227074 0.95345824
 0.68751803 0.86132896]","[0.16273904 0.35814183 0.11380959 0.04908056 0.37065194 0.28250397
 0.42906611 0.15605097]","[0.57818777 0.49952302 0.45578138 0.44692368 0.61146134 0.61798111
 0.55829207 0.50868996]",8,5,"[0.48718872 0.74358719 0.52552259 0.75816392 0.91362306 1.01071492
 1.00041882 0.92595894]","[0.25533148 0.54664126 0.28369382 0.58180386 0.58963617 0.89414904
 0.93811737 0.02477931]","[0.3712601  0.64511422 0.40460821 0.66998389 0.75162961 0.95243198
 0.9692681  0.47536912]",8,7,False,False,[],[],2112
