cluster high,cluster low,cluster mean,cluster label,cluster stream,window high,window low,window mean,window label,window stream,is the cluster and the window deviated,is the cluster and the window matched,cluster labels that are merged together into a cluster,new clusters (labels),index
"[0.97476248 0.60360877 0.92337207 0.74953097 0.94657005 0.84278673
 0.81360309 0.98536003]","[0.19494459 0.14115446 0.24299253 0.11859127 0.18646811 0.13950879
 0.19367272 0.09722788]","[0.58485353 0.37238161 0.5831823  0.43406112 0.56651908 0.49114776
 0.5036379  0.54129396]",8,5,"[0.49650564 0.60554984 0.64572008 0.72262854 0.97945426 0.89539396
 0.85439462 0.89151722]","[0.21294864 0.31160097 0.08738747 0.09189388 0.48018676 0.76204753
 0.36026392 0.07487219]","[0.35472714 0.4585754  0.36655377 0.40726121 0.72982051 0.82872074
 0.60732927 0.4831947 ]",8,4,False,True,[],[],715
